2 
3 
6 
7 
8 
9 
20 
21 
21 
21 
30 
31 
35 
35 
37 
38 
40 
41 
41 
44 
52 
53 
53 
55 
60 
72 
75 
82 
84 
88 
93 
97 
101 
105 
106 
107 
114 
115 
118 
127 
129 
139 
141 
142 
144 
145 
145 
150 
153 
154 
156 
157 
161 
161 
168 
169 
169 
173 
179 
182 
185 
189 
190 
190 
191 
191 
193 
195 
195 
196 
199 
200 
202 
209 
221 
222 
224 
249 
253 
255 
263 
264 
270 
272 
279 
281 
281 
281 
282 
285 
286 
287 
288 
290 
291 
292 
292 
297 
299 
303 
306 
308 
309 
310 
313 
313 
314 
316 
316 
321 
322 
322 
323 
328 
329 
333 
334 
337 
343 
348 
350 
350 
350 
355 
355 
358 
359 
362 
368 
370 
374 
376 
382 
383 
386 
389 
391 
393 
401 
410 
413 
416 
416 
418 
421 
421 
422 
423 
423 
425 
426 
430 
433 
434 
436 
437 
439 
441 
446 
447 
448 
450 
451 
455 
457 
458 
464 
466 
467 
467 
472 
476 
478 
481 
483 
483 
484 
485 
488 
491 
500 
503 
506 
510 
511 
512 
512 
514 
519 
523 
529 
529 
535 
537 
537 
538 
538 
538 
541 
547 
548 
548 
549 
549 
555 
556 
557 
558 
573 
574 
580 
585 
587 
588 
589 
591 
595 
596 
600 
600 
602 
604 
609 
616 
617 
617 
618 
622 
623 
624 
626 
629 
634 
636 
639 
644 
646 
646 
648 
648 
651 
655 
655 
657 
658 
662 
664 
667 
668 
671 
673 
673 
687 
688 
692 
699 
701 
702 
703 
704 
705 
711 
712 
716 
718 
718 
721 
723 
724 
724 
726 
728 
729 
734 
734 
741 
745 
753 
753 
756 
756 
757 
757 
758 
762 
767 
771 
777 
778 
786 
788 
789 
796 
798 
798 
798 
805 
807 
808 
811 
813 
815 
827 
827 
829 
832 
832 
833 
836 
840 
842 
844 
844 
859 
861 
866 
868 
869 
869 
869 
875 
881 
886 
888 
890 
892 
893 
894 
895 
900 
900 
902 
909 
912 
912 
924 
929 
930 
931 
932 
935 
938 
941 
942 
942 
944 
945 
945 
946 
949 
954 
958 
961 
962 
966 
966 
976 
977 
982 
986 
989 
995 
996 
998 
999 
There will be 2652 no of comparisions 